Phase_A
  5 10
  0.01035
  -123.106  0  0  -0.0535244  55.0016  
  0.0104
  -117.368  0  0  -0.0507214  56.0613  
  0.01045
  -111.549  0  0  -0.0478854  56.7201  
  0.0105
  -105.655  0  0  -0.0450202  57.3028  
  0.01055
  -99.6873  0  0  -0.0421302  57.7997  
  0.0106
  -93.6516  0  0  -0.03919  58.8042  
  0.01065
  -87.5518  0  0  -0.0362632  58.5374  
  0.0107
  -81.392  0  0  -0.033224  60.7838  
  0.01075
  -75.1764  0  0  -0.0301201  62.0779  
  0.0108
  -68.9093  0  0  -0.0269711  62.9791  
