Phase_C
  5 10
  0.01035
  -123.106  0  0  -0.00998994  34.7132  
  0.0104
  -117.368  0  0  -0.00826556  34.4874  
  0.01045
  -111.549  0  0  -0.00655755  34.1602  
  0.0105
  -105.655  0  0  -0.00483099  34.5313  
  0.01055
  -99.6873  0  0  -0.00310409  34.538  
  0.0106
  -93.6516  0  0  -0.00138504  34.3809  
  0.01065
  -87.5518  0  0  0.000351856  34.7379  
  0.0107
  -81.392  0  0  0.0021068  35.099  
  0.01075
  -75.1764  0  0  0.00387403  35.3444  
  0.0108
  -68.9093  0  0  0.0056562  35.6436  
