Phase_B
  5 10
  0.01035
  -126.885  0  0  0.00830628  -40.7894  
  0.0104
  -132.48  0  0  0.00623058  -41.514  
  0.01045
  -137.984  0  0  0.00417305  -41.1506  
  0.0105
  -143.394  0  0  0.00215322  -40.3965  
  0.01055
  -148.706  0  0  0.00016584  -39.7477  
  0.0106
  -153.915  0  0  -0.00177933  -38.9035  
  0.01065
  -159.02  0  0  -0.00366725  -37.7584  
  0.0107
  -164.015  0  0  -0.00547312  -36.1173  
  0.01075
  -168.898  0  0  -0.00716809  -33.8995  
  0.0108
  -173.665  0  0  -0.00880001  -32.6384  
